 
| Accuray Rank  |   PCA |   GMM |   Covariance  | Parameters ||Accuracy|
---------------------------------------------------------------
|             1 |   7   |   3   |   spherical   |         48 ||   0.973|
|             2 |   4   |   3   |   tied        |         44 ||    0.97|
|             3 |   6   |   3   |   spherical   |         42 ||   0.968|
|             4 |   5   |   3   |   spherical   |         36 ||   0.966|
|             5 |   3   |   4   |   spherical   |         32 ||   0.964|
|             6 |   5   |   4   |   spherical   |         48 ||   0.964|
|             7 |   4   |   5   |   spherical   |         50 ||   0.962|
|             8 |   2   |   11  |   tied        |         50 ||   0.958|
|             9 |   5   |   2   |   tied        |         50 ||   0.958|
|            10 |   3   |   4   |   diag        |         48 ||   0.954|
|            11 |   2   |   9   |   tied        |         42 ||   0.954|
|            12 |   2   |   8   |   spherical   |         48 ||   0.953|
|            13 |   3   |   6   |   tied        |         48 ||   0.953|
|            14 |   3   |   5   |   spherical   |         40 ||   0.951|
|            15 |   3   |   6   |   spherical   |         48 ||   0.951|
|            16 |   2   |   5   |   full        |         50 ||   0.951|
|            17 |   2   |   7   |   spherical   |         42 ||    0.95|
|            18 |   2   |   4   |   full        |         40 ||    0.95|
|            19 |   2   |   10  |   tied        |         46 ||   0.948|
|            20 |   2   |   3   |   diag        |         24 ||   0.948|
|            21 |   2   |   7   |   tied        |         34 ||   0.948|
|            22 |   2   |   8   |   tied        |         38 ||   0.947|
|            23 |   3   |   4   |   tied        |         36 ||   0.947|
|            24 |   2   |   3   |   spherical   |         18 ||   0.946|
|            25 |   5   |   1   |   tied        |         40 ||   0.946|
|            26 |   5   |   1   |   full        |         40 ||   0.946|
|            27 |   2   |   3   |   tied        |         18 ||   0.945|
|            28 |   2   |   4   |   spherical   |         24 ||   0.944|
|            29 |   2   |   6   |   spherical   |         36 ||   0.944|
|            30 |   3   |   5   |   tied        |         42 ||   0.944|
|            31 |   2   |   5   |   spherical   |         30 ||   0.943|
|            32 |   2   |   6   |   tied        |         30 ||   0.942|
|            33 |   2   |   4   |   diag        |         32 ||   0.941|
|            34 |   2   |   4   |   tied        |         22 ||   0.941|
|            35 |   2   |   5   |   tied        |         26 ||   0.941|
|            36 |   2   |   6   |   diag        |         48 ||   0.933|
|            37 |   2   |   5   |   diag        |         40 ||   0.932|
|            38 |   2   |   3   |   full        |         30 ||   0.931|
|            39 |   3   |   3   |   tied        |         30 ||   0.923|
|            40 |   4   |   4   |   spherical   |         40 ||   0.923|
|            41 |   1   |   4   |   tied        |         10 ||   0.918|
|            42 |   1   |   11  |   spherical   |         44 ||   0.916|
|            43 |   1   |   4   |   diag        |         16 ||   0.916|
|            44 |   1   |   10  |   diag        |         40 ||   0.915|
|            45 |   4   |   2   |   diag        |         32 ||   0.915|
|            46 |   1   |   3   |   tied        |          8 ||   0.915|
|            47 |   1   |   11  |   full        |         44 ||   0.915|
|            48 |   1   |   9   |   spherical   |         36 ||   0.915|
|            49 |   1   |   10  |   spherical   |         40 ||   0.915|
|            50 |   1   |   9   |   diag        |         36 ||   0.915|
|            51 |   1   |   6   |   tied        |         14 ||   0.915|
|            52 |   1   |   4   |   full        |         16 ||   0.915|
|            53 |   1   |   5   |   full        |         20 ||   0.915|
|            54 |   1   |   9   |   full        |         36 ||   0.915|
|            55 |   1   |   4   |   spherical   |         16 ||   0.914|
|            56 |   1   |   5   |   diag        |         20 ||   0.914|
|            57 |   3   |   3   |   diag        |         36 ||   0.914|
|            58 |   8   |   1   |   diag        |         32 ||   0.914|
|            59 |   12  |   1   |   diag        |         48 ||   0.914|
|            60 |   1   |   15  |   tied        |         32 ||   0.914|
|            61 |   1   |   12  |   full        |         48 ||   0.914|
|            62 |   1   |   5   |   spherical   |         20 ||   0.913|
|            63 |   1   |   6   |   spherical   |         24 ||   0.913|
|            64 |   11  |   1   |   diag        |         44 ||   0.913|
|            65 |   1   |   5   |   tied        |         12 ||   0.913|
|            66 |   1   |   11  |   tied        |         24 ||   0.913|
|            67 |   1   |   8   |   full        |         32 ||   0.913|
|            68 |   4   |   3   |   spherical   |         30 ||   0.912|
|            69 |   1   |   6   |   diag        |         24 ||   0.912|
|            70 |   1   |   8   |   diag        |         32 ||   0.912|
|            71 |   1   |   12  |   diag        |         48 ||   0.912|
|            72 |   10  |   1   |   diag        |         40 ||   0.912|
|            73 |   1   |   8   |   tied        |         18 ||   0.912|
|            74 |   1   |   10  |   tied        |         22 ||   0.912|
|            75 |   1   |   13  |   tied        |         28 ||   0.912|
|            76 |   1   |   22  |   tied        |         46 ||   0.912|
|            77 |   1   |   8   |   spherical   |         32 ||   0.911|
|            78 |   1   |   11  |   diag        |         44 ||   0.911|
|            79 |   4   |   3   |   diag        |         48 ||   0.911|
|            80 |   1   |   9   |   tied        |         20 ||   0.911|
|            81 |   1   |   18  |   tied        |         38 ||   0.911|
|            82 |   1   |   10  |   full        |         40 ||   0.911|
|            83 |   7   |   1   |   diag        |         28 ||    0.91|
|            84 |   1   |   14  |   tied        |         30 ||    0.91|
|            85 |   1   |   19  |   tied        |         40 ||    0.91|
|            86 |   1   |   6   |   full        |         24 ||    0.91|
|            87 |   1   |   7   |   spherical   |         28 ||   0.909|
|            88 |   1   |   7   |   diag        |         28 ||   0.909|
|            89 |   1   |   7   |   tied        |         16 ||   0.909|
|            90 |   1   |   17  |   tied        |         36 ||   0.909|
|            91 |   1   |   20  |   tied        |         42 ||   0.909|
|            92 |   1   |   7   |   full        |         28 ||   0.909|
|            93 |   2   |   2   |   full        |         20 ||   0.909|
|            94 |   1   |   12  |   spherical   |         48 ||   0.908|
|            95 |   1   |   3   |   diag        |         12 ||   0.908|
|            96 |   1   |   12  |   tied        |         26 ||   0.908|
|            97 |   1   |   16  |   tied        |         34 ||   0.908|
|            98 |   1   |   21  |   tied        |         44 ||   0.908|
|            99 |   1   |   23  |   tied        |         48 ||   0.908|
|           100 |   1   |   3   |   full        |         12 ||   0.908|
|           101 |   6   |   2   |   diag        |         48 ||   0.907|
|           102 |   3   |   3   |   spherical   |         24 ||   0.907|
|           103 |   1   |   24  |   tied        |         50 ||   0.906|
|           104 |   1   |   3   |   spherical   |         12 ||   0.905|
|           105 |   9   |   1   |   diag        |         36 ||   0.903|
|           106 |   1   |   2   |   spherical   |          8 ||   0.899|
|           107 |   1   |   2   |   diag        |          8 ||   0.899|
|           108 |   1   |   2   |   full        |          8 ||   0.899|
|           109 |   5   |   2   |   diag        |         40 ||   0.891|
|           110 |   2   |   2   |   tied        |         14 ||    0.89|
|           111 |   6   |   1   |   diag        |         24 ||   0.885|
|           112 |   5   |   2   |   spherical   |         24 ||   0.884|
|           113 |   7   |   2   |   spherical   |         32 ||   0.883|
|           114 |   3   |   2   |   diag        |         24 ||   0.883|
|           115 |   1   |   2   |   tied        |          6 ||   0.883|
|           116 |   8   |   2   |   spherical   |         36 ||   0.883|
|           117 |   11  |   2   |   spherical   |         48 ||   0.882|
|           118 |   6   |   1   |   spherical   |         14 ||   0.878|
|           119 |   13  |   1   |   spherical   |         28 ||   0.878|
|           120 |   14  |   1   |   spherical   |         30 ||   0.878|
|           121 |   15  |   1   |   spherical   |         32 ||   0.878|
|           122 |   16  |   1   |   spherical   |         34 ||   0.878|
|           123 |   17  |   1   |   spherical   |         36 ||   0.878|
|           124 |   18  |   1   |   spherical   |         38 ||   0.878|
|           125 |   19  |   1   |   spherical   |         40 ||   0.878|
|           126 |   20  |   1   |   spherical   |         42 ||   0.878|
|           127 |   21  |   1   |   spherical   |         44 ||   0.878|
|           128 |   22  |   1   |   spherical   |         46 ||   0.878|
|           129 |   5   |   1   |   diag        |         20 ||   0.878|
|           130 |   10  |   1   |   spherical   |         22 ||   0.877|
|           131 |   11  |   1   |   spherical   |         24 ||   0.877|
|           132 |   12  |   1   |   spherical   |         26 ||   0.877|
|           133 |   23  |   1   |   spherical   |         48 ||   0.877|
|           134 |   24  |   1   |   spherical   |         50 ||   0.877|
|           135 |   2   |   2   |   spherical   |         12 ||   0.876|
|           136 |   6   |   2   |   spherical   |         28 ||   0.876|
|           137 |   7   |   1   |   spherical   |         16 ||   0.876|
|           138 |   9   |   1   |   spherical   |         20 ||   0.875|
|           139 |   9   |   2   |   spherical   |         40 ||   0.875|
|           140 |   8   |   1   |   spherical   |         18 ||   0.875|
|           141 |   10  |   2   |   spherical   |         44 ||   0.873|
|           142 |   2   |   2   |   diag        |         16 ||   0.873|
|           143 |   3   |   1   |   spherical   |          8 ||   0.872|
|           144 |   5   |   1   |   spherical   |         12 ||   0.872|
|           145 |   3   |   1   |   diag        |         12 ||   0.869|
|           146 |   3   |   2   |   spherical   |         16 ||   0.868|
|           147 |   3   |   1   |   tied        |         18 ||   0.866|
|           148 |   3   |   1   |   full        |         18 ||   0.866|
|           149 |   4   |   1   |   spherical   |         10 ||   0.863|
|           150 |   2   |   1   |   diag        |          8 ||   0.862|
|           151 |   2   |   1   |   tied        |         10 ||   0.862|
|           152 |   2   |   1   |   full        |         10 ||   0.862|
|           153 |   2   |   1   |   spherical   |          6 ||    0.86|
|           154 |   4   |   2   |   tied        |         36 ||   0.859|
|           155 |   4   |   2   |   spherical   |         20 ||   0.856|
|           156 |   3   |   2   |   tied        |         24 ||   0.855|
|           157 |   1   |   1   |   spherical   |          4 ||   0.844|
|           158 |   1   |   1   |   diag        |          4 ||   0.844|
|           159 |   1   |   1   |   tied        |          4 ||   0.844|
|           160 |   1   |   1   |   full        |          4 ||   0.844|
|           161 |   4   |   1   |   diag        |         16 ||   0.843|
|           162 |   3   |   2   |   full        |         36 ||   0.819|
|           163 |   4   |   1   |   tied        |         28 ||   0.817|
|           164 |   4   |   1   |   full        |         28 ||   0.817|
1
​
1
​

